AbR	AbRPond	POF	NSP
2011-52-01:2011-53-07	-11.1258165706394	1.63526669272035	-1.64334320641988	-11.1258165706394
2011-52-01:Olho Junto	-2.7442721238091	0.336680910458536	-0.341011353394655	-2.7442721238091
2011-52-23:Aipim Manteiga	16.3225255451865	-1.89570342278358	1.89255621956762	16.3225255451865
2011-52-23:Aipim Ze Marcos	37.9251145268283	-5.77825032349412	5.78321990746079	37.9251145268283
2011-52-23:Cascuda	43.94979901614	-4.72008534300162	4.71348951745312	43.94979901614
2011-53-07:Guela Jacu	7.58295849232108	-1.73853755241334	1.73993152449842	7.58295849232108
6683:7909-02	-15.276447688002	1.43579665948524	-1.4240767228436	-15.276447688002
6683:BGM1659	-5.24811605304731	1.1118042014644	-1.11422374832085	-5.24811605304731
6683:BGM1942	-12.2518033296247	1.57463563559712	-1.57509888297614	-12.2518033296247
6683:BGM2044	7.68497171729048	-1.31934525630128	1.31760671389869	7.68497171729048
7795:BGM1253	22.9463442572608	-1.44172302859848	1.44438294813123	22.9463442572608
7795:BGM2167	-2.06518822593395	0.0200681523727682	-0.0171053389680605	-2.06518822593395
7909:BGM0131	4.14155142422936	-0.345536972312808	0.341372244577344	4.14155142422936
7909:BGM0728	29.6841154569801	-8.41716174886836	8.41596356940225	29.6841154569801
7909:BGM0935	8.94888036912889	-2.92686445433017	2.93266593345562	8.94888036912889
7909-02:7909-04	39.9958504520065	-10.6817656837637	10.6839423476259	39.9958504520065
7909-02:98150-6	-23.867508941178	3.66771933729919	-3.66220162070851	-23.867508941178
7909-02:BGM0816	-10.3167635066476	1.3927692757962	-1.39372495642342	-10.3167635066476
7909-02:BGM1023	-8.83200652010335	2.0857450559573	-2.0816552164997	-8.83200652010335
7909-02:BGM1024	-0.101300336977546	0.19177891601194	-0.188881120313198	-0.101300336977546
7909-02:BGM1716	-13.0825599894334	1.21788106568519	-1.21998068588297	-13.0825599894334
7909-02:BGM1760	-7.10988508811591	1.05406559912642	-1.06026476145472	-7.10988508811591
7909-02:BGM1784	-7.21011603289329	0.442203118206425	-0.447499245437471	-7.21011603289329
7909-02:BGM1942	2.40281254375642	-0.504385380377757	0.512829389035578	2.40281254375642
7909-02:BGM2044	-5.41449692278041	0.0476494919302461	-0.0482313003218654	-5.41449692278041
7909-02:BRS Dourada	-3.73376283268865	0.840468261583755	-0.841622130133094	-3.73376283268865
7909-02:BRS Formosa	2.46575254401035	0.3471994589683	-0.340612171338737	2.46575254401035
7909-02:BRS Jari	-7.47369822424247	1.40017289802768	-1.39691360465109	-7.47369822424247
7909-02:BRS KIRIRIS	-6.496949572951	1.30791288000656	-1.30512143819732	-6.496949572951
7909-02:BRS MULATINHA	-4.22470331310121	0.799072402796066	-0.802013799024661	-4.22470331310121
7909-04:7909-05	35.5043022198228	-3.96448443136342	3.9655949814127	35.5043022198228
7909-04:BGM0661	-4.71389631836834	0.60699234905781	-0.600150466166829	-4.71389631836834
7909-04:BGM0888	16.3369879106502	-1.77190858154988	1.7729912150288	16.3369879106502
7909-04:BGM2044	7.63815163422729	-1.16918673591725	1.16622711705457	7.63815163422729
7909-04:Cascuda	-9.66279451442889	1.60136573155891	-1.60513666790226	-9.66279451442889
7909-05:7909-02	-2.77453404768139	-0.0711517545217283	0.0618378805715131	-2.77453404768139
7909-05:BGM2142	3.09441410591902	0.898647707367736	-0.898668597821751	3.09441410591902
7909-09:BGM1942	-3.38249077953828	0.496100172034499	-0.494958388637186	-3.38249077953828
Aipim Abacate:BGM1163	-28.3216493361191	2.84290779665323	-2.83860310603063	-28.3216493361191
Aipim Abacate:BGM2020	-49.527508901296	4.69414130587721	-4.69047136810922	-49.527508901296
Aipim Abacate:BRS Jari	22.3192293251843	-2.91732365842977	2.92010194121486	22.3192293251843
Aipim Manteiga:2011-53-07	-7.91946080451342	0.6234999432221	-0.61575380746203	-7.91946080451342
Aipim Manteiga:Aipim Ze Marcos	-10.4881508894789	0.646199239106136	-0.647778548504398	-10.4881508894789
Aipim Manteiga:BGM0174	5.2439076574813	-1.12365103029625	1.12280434487374	5.2439076574813
Aipim Manteiga:Cascuda	-4.71914727190939	1.3404883370392	-1.33606966705181	-4.71914727190939
Aipim Manteiga:Fecula Branca	-17.8599558964691	2.97103199103311	-2.9707806323783	-17.8599558964691
Aipim Ze Marcos:2011-52-01	3.52593597456253	-0.847027777396734	0.846088155995183	3.52593597456253
Aipim Ze Marcos:2011-52-23	44.3497687815442	-1.74203023893435	1.75196798748969	44.3497687815442
Aipim Ze Marcos:2011-53-07	5.13368031328697	-0.0600921591947988	0.0654445295986675	5.13368031328697
Aipim Ze Marcos:4271	10.7387518709217	-2.27851805557453	2.2744754539248	10.7387518709217
BGM0046:BGM0093	18.9735176110731	-1.55603134879714	1.55479138519834	18.9735176110731
BGM0046:BGM0323	8.7551702847611	-0.802295485297363	0.801867228372515	8.7551702847611
BGM0046:BGM1716	3.2668773766812	0.149974155709508	-0.148443974005184	3.2668773766812
BGM0128:BGM0888	-11.2436362126101	1.84399147847912	-1.8460657325066	-11.2436362126101
BGM0128:BGM1130	-8.63389857752062	1.0538673643844	-1.05206046016974	-8.63389857752062
BGM0128:BGM2018	-10.7809968740384	1.92674303992462	-1.91944582473216	-10.7809968740384
BGM0216:BGM0323	1.82814006902687	0.519780244231014	-0.523522556951612	1.82814006902687
BGM0661:BGM0128	-16.4745497798233	1.80569566550343	-1.80582570424085	-16.4745497798233
BGM0661:BRS Dourada	-5.62474959118217	0.608800546750539	-0.603119804355133	-5.62474959118217
BGM0661:BRS Tapioqueira	7.95352447964254	0.426513311641288	-0.429762646109315	7.95352447964254
BGM0685:2011-52-01	-11.0618837340071	1.96453390402584	-1.96571594942796	-11.0618837340071
BGM0685:2011-52-23	-14.2196305085272	1.09545939604318	-1.10000736060834	-14.2196305085272
BGM0685:Aipim Manteiga	-2.74124919067659	0.352920430158001	-0.34898190243935	-2.74124919067659
BGM0685:Aipim Ze Marcos	-5.18446491157602	1.05116977684388	-1.05478080738625	-5.18446491157602
BGM0685:BGM0019	-22.465131842426	1.93996939977759	-1.93866643721932	-22.465131842426
BGM0685:BGM0061	-19.4769016880714	2.05975737971253	-2.06148882162543	-19.4769016880714
BGM0685:BGM0089	-33.0237920173627	3.56915275547847	-3.56807757872253	-33.0237920173627
BGM0685:Cascuda	-5.36269016732374	0.624507216367333	-0.619666725738963	-5.36269016732374
BGM0717:BGM2127	-2.47846227575337	0.795142898837811	-0.790898382975724	-2.47846227575337
BGM0728:BGM0685	17.2144818170816	-2.24959370536171	2.25170321087901	17.2144818170816
BGM0728:BGM0946	-11.4215148807835	2.16521695437168	-2.16955792528096	-11.4215148807835
BGM0728:BGM1163	19.4320639037843	-2.3260735113998	2.32018495734613	19.4320639037843
BGM0728:BGM1448	0.546406974697782	0.0755939140836617	-0.0749839220393809	0.546406974697782
BGM0816:BGM0661	-6.22108854617224	1.05532325450916	-1.05612516147262	-6.22108854617224
BGM0816:BGM1259	-2.79689709593855	0.7284434613672	-0.72930427515131	-2.79689709593855
BGM0816:BGM2155	4.86450542067424	-1.24292793149971	1.23726592480685	4.86450542067424
BGM0818:BGM1487	4.27264715191682	-0.158403755138433	0.158228395047321	4.27264715191682
BGM0818:BRS Tapioqueira	-6.3617700136496	0.936757041130989	-0.936405610300876	-6.3617700136496
BGM0865:BGM1284	-35.6836908023014	3.94316255666635	-3.94340650625215	-35.6836908023014
BGM0888:7909-02	-0.427253835205593	-0.0853807463295472	0.0909401178014952	-0.427253835205593
BGM0888:BGM0470	21.3293108669748	-4.90954666779329	4.90622282676511	21.3293108669748
BGM0888:BGM0717	-13.7746827488528	1.32178296143673	-1.32288558479597	-13.7746827488528
BGM0888:BGM0991	-14.1624753280808	0.927592921411351	-0.93926824102555	-14.1624753280808
BGM0888:BGM1332	5.84043346753525	-0.0946465313184451	0.0887432472482727	5.84043346753525
BGM0888:BGM2020	11.098643075954	-0.871125625871346	0.867031799990892	11.098643075954
BGM0935:BGM0728	25.702277132845	-1.55981804329261	1.56844874889102	25.702277132845
BGM0935:BGM0941	-25.7520677044918	2.56685631186399	-2.56351834574937	-25.7520677044918
BGM0935:BGM0971	-11.4783541866986	1.7692883783171	-1.77352502550839	-11.4783541866986
BGM0935:BGM1143	-11.2216073098051	1.54687891447128	-1.55325769410059	-11.2216073098051
BGM0935:BGM1422	-30.6087527741612	2.63439865248595	-2.63429775422616	-30.6087527741612
BGM0958:BGM1146	-6.76692753874057	0.774179703616907	-0.771469474278499	-6.76692753874057
BGM0958:BGM1413	-12.8584771526778	1.62102693573363	-1.62954075711906	-12.8584771526778
BGM0968:BGM1819	57.9452776306551	-4.55016844270935	4.55549952253394	57.9452776306551
BGM0971:BGM0942	-1.7888765083312	-0.419316805984552	0.414556745735043	-1.7888765083312
BGM0971:BGM1444	-4.13889686850034	-1.80291524406497	1.80406140297786	-4.13889686850034
BGM0991:BGM0888	4.01044921434033	-0.0228241656627437	0.020908070685405	4.01044921434033
BGM0991:BGM2018	10.5501019009254	-1.02885090562348	1.026630746952	10.5501019009254
BGM1028:BGM0872	3.46654142424384	-0.265058327711555	0.263604497518645	3.46654142424384
BGM1130:BGM0816	38.9806449023538	-2.82497958030747	2.82570677841464	38.9806449023538
BGM1156:BGM2020	22.0028949696163	-2.17526086078757	2.18356282007602	22.0028949696163
BGM1163:BGM0061	0.696364887154913	-0.26138719015504	0.254827024154023	0.696364887154913
BGM1163:BGM0131	-1.02296361823476	0.225746718701128	-0.22416216971187	-1.02296361823476
BGM1253:7909-02	9.8050352785903	0.0784616587981143	-0.077861799023133	9.8050352785903
BGM1253:7909-05	-18.2303098639673	2.43445401602931	-2.43045345366581	-18.2303098639673
BGM1253:BGM0046	-8.14507714671277	2.10039568783114	-2.1021248167875	-8.14507714671277
BGM1253:BGM0816	-12.9391545729882	1.40398170879261	-1.40150505547756	-12.9391545729882
BGM1253:BGM0991	25.204122429806	-3.1681707537278	3.17557045446332	25.204122429806
BGM1253:BGM1023	-10.5041959965141	1.37855197543846	-1.38233958524413	-10.5041959965141
BGM1253:BGM1024	-13.8185081112433	2.13999516391266	-2.14908822361966	-13.8185081112433
BGM1253:BGM1259	-10.2695893976373	1.27029209782128	-1.26714270526291	-10.2695893976373
BGM1253:BGM1659	-11.6929645238392	1.32961670326709	-1.32769666414821	-11.6929645238392
BGM1253:BGM2044	-33.203666170927	3.82520814599028	-3.82706463823947	-33.203666170927
BGM1253:BGM2127	-4.26501450357808	0.741437419427616	-0.746546960024141	-4.26501450357808
BGM1259:Cascuda	7.78927074749509	-1.03782167346853	1.03659120451792	7.78927074749509
BGM1332:BGM0046	0.815983555112703	-0.656244116851266	0.652294994434182	0.815983555112703
BGM1332:BGM2020	46.9799485650734	-3.10181371765309	3.09775668817273	46.9799485650734
BGM1332:BGM2044	39.3204937222037	-3.48698810250063	3.4987856443157	39.3204937222037
BGM1444:BGM0729	0.0122053025098144	-1.1489188520355	1.15001662137837	0.0122053025098144
BGM1444:BGM0968	-14.5065243195226	1.02009893050708	-1.01994322622105	-14.5065243195226
BGM1444:BGM1662	2.20945047117338	-0.0381192358824038	0.0389243192386671	2.20945047117338
BGM1455:BGM0323	-15.4750015944183	1.93806218443479	-1.92771842066671	-15.4750015944183
BGM1487:BGM2020	24.2037850244958	-4.99549269341648	4.9840540902727	24.2037850244958
BGM1583:BGM1253	-15.67761927736	2.10342794721457	-2.10114352903817	-15.67761927736
BGM1583:BGM1638	-9.294859287476	1.43506361726125	-1.43811163956574	-9.294859287476
BGM1583:BRS Gema de Ovo	-12.3881184779256	1.37508493608281	-1.37216225383403	-12.3881184779256
BGM1583:BRS Verdinha	-12.1906560587006	1.85142070436462	-1.85637837873477	-12.1906560587006
BGM1662:BGM0958	-21.9305815077191	2.51294976927009	-2.5183376263629	-21.9305815077191
BGM1716:359-09	-9.01642085366857	0.727890097354874	-0.732136509301893	-9.01642085366857
BGM1716:BGM1784	1.86161254598122	-0.716867558384005	0.717514614054226	1.86161254598122
BGM1716:BGM2020	20.5283525646701	-1.01171362687948	1.00855070965541	20.5283525646701
BGM1760:BGM1253	-30.8786011659191	5.88755216488807	-5.88900414890119	-30.8786011659191
BGM1784:98150-6	35.9198392971532	-4.38114198349141	4.37526714599864	35.9198392971532
BGM1784:BGM0816	-11.21936953748	0.746165302063769	-0.750985818057285	-11.21936953748
BGM1784:BGM1023	2.14457049715383	-0.134406234889639	0.12930302445496	2.14457049715383
BGM1784:BGM1024	3.32051889555944	-0.318304495746997	0.323248126022989	3.32051889555944
BGM1784:BGM1130	-17.7160990986978	2.78878810802836	-2.7905683307711	-17.7160990986978
BGM1784:BGM1583	2.50914692749998	-0.497582999813584	0.502258983112226	2.50914692749998
BGM1784:BGM1659	-3.6128986058895	0.539972575646864	-0.536199222254771	-3.6128986058895
BGM1784:BGM1811	4.63069649656372	-0.316921422789129	0.308549943989354	4.63069649656372
BGM1784:BGM2020	9.33892895708806	-0.955083736975039	0.96921192773679	9.33892895708806
BGM1784:Cigana	-4.19982181243796	1.00757591146198	-1.00559383376246	-4.19982181243796
BGM2018:BGM1253	-3.89147201511213	-1.00097402998571	0.994616524464864	-3.89147201511213
BGM2018:BRS Mulatinha	-15.2386573555142	2.68894058965721	-2.68647887371277	-15.2386573555142
BGM2020:BGM1583	10.9428238340808	-2.01119565727676	2.00494779428952	10.9428238340808
BGM2020:BGM1693	-10.4821890962332	1.72244695156051	-1.71845305335308	-10.4821890962332
BGM2020:BRS Tapioqueira	29.5411053813521	-9.08811044380533	9.0831314981869	29.5411053813521
BGM2044:BGM0991	50.2307425797044	-5.13809614697931	5.14057201918485	50.2307425797044
BGM2044:BGM1028	3.25732697353326	-0.770799022455726	0.778077446246802	3.25732697353326
BGM2044:BGM1174	-14.3333968149207	1.58768225459401	-1.59230812907673	-14.3333968149207
BGM2044:BGM1309	10.5056178596451	-1.96038530289606	1.96174371531875	10.5056178596451
BGM2044:BGM1332	2.16369804406301	-0.277202039744248	0.281239344509456	2.16369804406301
BGM2044:BGM2127	1.1949077193038	-0.719708031548503	0.722972942201567	1.1949077193038
BGM2044:BGM2167	7.4505197540304	-0.955657847076635	0.959751636657592	7.4505197540304
BGM2167:BGM0991	-18.8449528279929	1.9605350031672	-1.95687810529681	-18.8449528279929
BGM2167:BGM1130	-1.58654327289191	-0.0857161916554704	0.0771516034551207	-1.58654327289191
BGM2167:BGM1253	35.7895099197418	-5.33616704641671	5.34071334564995	35.7895099197418
BGM2167:BRS Verdinha	21.63913639909	-1.75103567597113	1.75358592833892	21.63913639909
BRS Dourada:Aipim Manteiga	-9.59136140601486	0.751832709939574	-0.749907396414966	-9.59136140601486
BRS Jari:Aipim Abacate	-11.51559150402	1.59378601809903	-1.59269387845522	-11.51559150402
BRS Kiriris:7909-02	-0.482485936877379	0.880198365130659	-0.887202797250296	-0.482485936877379
BRS Kiriris:7909-05	5.36517813528948	-1.56718625998652	1.56194813858894	5.36517813528948
BRS Tapioqueira:Cascuda	-12.8232052374854	0.0768151020624801	-0.0699353186192351	-12.8232052374854
Cascuda:7909-02	2.9883296393809	-0.370119988171818	0.372701237678231	2.9883296393809
Cascuda:7909-04	1.16922143883211	0.9666964200618	-0.970245633275632	1.16922143883211
Cascuda:Aipim Manteiga	16.9340147081042	-0.783101674865276	0.777440479442375	16.9340147081042
Fecula Branca:Aipim Ze Marcos	-14.4891686609203	2.28963792624402	-2.28923618097015	-14.4891686609203
Fecula Branca:BRS Rosada	-12.7772079964775	2.08626979429594	-2.08501932959126	-12.7772079964775
FLA-002-02:Aipim Ze Marcos	-13.1069380427307	2.36192011854588	-2.36207219147551	-13.1069380427307
FLA-005-19:Aipim Manteiga	-10.8906339976481	1.38868471815084	-1.38804212364104	-10.8906339976481
