AbR	AbRPond	POF	NSP
2011-52-01	-14.3126167582161	1.30972444354786	-1.31046934940518	-14.3126167582161
2011-52-23	57.224537077409	-0.757785230202114	0.763087897208667	57.224537077409
2011-53-07	-26.4215416026036	2.576860776851	-2.56756250672006	-26.4215416026036
359-09	-17.1243989911705	0.853091924961359	-0.856929830295639	-17.1243989911705
4271	20.395528856666	-2.67043797017283	2.662161823622	20.395528856666
7909-02	-11.7133257950694	2.18907865546493	-2.18132494730086	-11.7133257950694
7909-04	78.182587858254	-11.3861243193471	11.3694049828337	78.182587858254
7909-05	42.9973483504558	-3.62995807357917	3.62499136221765	42.9973483504558
98150-6	22.8903372123698	-0.836135978168742	0.834608180049901	22.8903372123698
Aipim Abacate	-21.8709382286582	1.86792757189235	-1.86416997054132	-21.8709382286582
Aipim Manteiga	19.0556941439075	-0.217251609356361	0.214268916170146	19.0556941439075
Aipim Ze Marcos	-10.1488247443937	0.668836845118376	-0.66791525089727	-10.1488247443937
BGM0019	-42.666806186451	2.27365674520987	-2.26911386051528	-42.666806186451
BGM0046	-13.9197498589615	1.69255502733199	-1.69695460865821	-13.9197498589615
BGM0061	-35.6688547115013	2.10770155051956	-2.11460891218908	-35.6688547115013
BGM0089	-62.7202966548147	4.18307022683363	-4.17625958433878	-62.7202966548147
BGM0093	36.0353726951219	-1.82367885408719	1.81980696350405	36.0353726951219
BGM0128	-31.2892186609511	2.11628705593953	-2.11363030612168	-31.2892186609511
BGM0131	5.92296463813816	-0.140394955799716	0.137188636664467	5.92296463813816
BGM0174	9.95946933455608	-1.31692631058405	1.31418734687238	9.95946933455608
BGM0323	-9.29052380159077	1.94031177771817	-1.93051097586022	-9.29052380159077
BGM0470	40.5096030254813	-5.75402060384589	5.74249288338494	40.5096030254813
BGM0661	-20.7682235359071	1.94824469146315	-1.93858928558176	-20.7682235359071
BGM0685	32.6945314383824	-2.63653844373197	2.63550803143879	32.6945314383824
BGM0717	-26.161507675429	1.54913822162281	-1.54837261258927	-26.161507675429
BGM0728	105.192370762493	-11.6930851609669	11.6862643029167	105.192370762493
BGM0729	0.0231808689254807	-1.34654036188858	1.34603798017751	0.0231808689254807
BGM0816	8.55678067853289	0.84142648600667	-0.843320461992085	8.55678067853289
BGM0872	6.58381406897382	-0.310650082802594	0.308536119226195	6.58381406897382
BGM0888	17.2903551963587	0.0577315531973597	-0.0610582641747549	17.2903551963587
BGM0935	16.9961230129209	-3.4303041633882	3.43254145742057	16.9961230129209
BGM0941	-48.9095051546896	3.00837228057473	-3.00047233415175	-48.9095051546896
BGM0942	-3.39751610664129	-0.491442021928762	0.485218312783471	-3.39751610664129
BGM0946	-21.6922636017537	2.53764834317197	-2.53936100864621	-21.6922636017537
BGM0958	-41.6515637348235	2.94519346229355	-2.94759052084975	-41.6515637348235
BGM0968	-27.5514546685727	1.19556257660286	-1.19379345880481	-27.5514546685727
BGM0971	-21.8002154119752	2.073617478731	-2.0758239478907	-21.8002154119752
BGM0991	80.5801291490657	-6.35009409476844	6.3438393012541	80.5801291490657
BGM1023	-32.6511340573566	3.90265365585475	-3.90309296489693	-32.6511340573566
BGM1024	-20.1306556413533	2.35979943903504	-2.35813224640683	-20.1306556413533
BGM1028	6.18646441251575	-0.903381464062546	0.910701440916944	6.18646441251575
BGM1130	-53.0583566816416	4.40315725496343	-4.40730613247385	-53.0583566816416
BGM1143	-21.3125899970776	1.81295214157179	-1.81801185339081	-21.3125899970776
BGM1146	-12.8520583719852	0.90734364435592	-0.902967134233077	-12.8520583719852
BGM1163	-16.8835073561878	0.60573314143869	-0.606782984498324	-16.8835073561878
BGM1174	-27.2226429911605	1.86077392139357	-1.86371846983722	-27.2226429911605
BGM1253	15.7412559236404	0.248601338953836	-0.246303669212216	15.7412559236404
BGM1259	-24.8164689470648	2.34253106598521	-2.33674314883148	-24.8164689470648
BGM1284	-67.7720981189052	4.62141214467159	-4.61556366231692	-67.7720981189052
BGM1309	19.9527500764487	-2.29758431635619	2.29612468124909	19.9527500764487
BGM1332	15.2018127599535	-0.43580894208449	0.433046454505602	15.2018127599535
BGM1413	-24.421408090297	1.8998541044102	-1.90729743253668	-24.421408090297
BGM1422	-58.1335436348411	3.08753234276952	-3.08331615593067	-58.1335436348411
BGM1444	-7.8607822893125	-2.11302838394254	2.11156527813485	-7.8607822893125
BGM1448	1.03776112474564	0.0885965586224399	-0.0877649984281975	1.03776112474564
BGM1487	8.11480694672121	-0.185650230554334	0.185198566105031	8.11480694672121
BGM1583	25.5485983049629	-2.94030489170908	2.93456240875569	25.5485983049629
BGM1638	-17.6532220033589	1.68190388650738	-1.6832390511632	-17.6532220033589
BGM1659	-39.0370576190284	3.49421253632353	-3.48574278260952	-39.0370576190284
BGM1662	4.19628941834588	-0.0446759922069806	0.0455590041690049	4.19628941834588
BGM1693	-19.908253097099	2.0187190221303	-2.01136490896352	-19.908253097099
BGM1716	-18.642393490658	1.60313520973637	-1.60167386364664	-18.642393490658
BGM1760	-13.5034190402428	1.23537173298827	-1.24098783568133	-13.5034190402428
BGM1784	-10.1581225191239	-0.321908509046889	0.316039729020755	-10.1581225191239
BGM1811	8.79483064301595	-0.371433967313412	0.36114255713411	8.79483064301595
BGM1819	110.052322302341	-5.33282698829849	5.33198847914191	110.052322302341
BGM1942	-25.1298351360949	1.83577288110647	-1.82265876403486	-25.1298351360949
BGM2018	-0.438526296499868	1.05233541717654	-1.0449962040782	-0.438526296499868
BGM2020	160.723755689461	-9.86401567745047	9.85484147424139	160.723755689461
BGM2044	30.43627537159	-2.46433406544851	2.4665187130345	30.43627537159
BGM2127	-10.5380962086878	0.957379629226058	-0.953299947931942	-10.5380962086878
BGM2142	5.87705284099544	1.05322095372137	-1.05184746183156	5.87705284099544
BGM2155	9.23889124856498	-1.45671961402487	1.44815900519192	9.23889124856498
BGM2167	10.2280680198431	-1.09651720298069	1.10332119986495	10.2280680198431
BRS Dourada	-17.7741149521636	1.69855246277044	-1.6909994857687	-17.7741149521636
BRS Formosa	4.6830700410293	0.406920022504982	-0.398669819731088	4.6830700410293
BRS Gema de Ovo	-23.5280813760567	1.61160848233975	-1.6060485338141	-23.5280813760567
BRS Jari	28.1953118575784	-1.77811055178705	1.78281714704336	28.1953118575784
BRS KIRIRIS	-12.3393038677271	1.5328823960392	-1.52758055135926	-12.3393038677271
BRS Mulatinha	-28.9419552259902	3.15145584762503	-3.14439159377343	-28.9419552259902
BRS MULATINHA	-8.0237498145874	0.936518049581929	-0.938717766374318	-8.0237498145874
BRS Rosada	-24.2670579907357	2.44512175845268	-2.44041273392231	-24.2670579907357
BRS Tapioqueira	59.1289517663996	-9.05356279364945	9.03232650899888	59.1289517663996
BRS Verdinha	17.944986135294	0.117651905721353	-0.120313515245101	17.944986135294
Cascuda	36.4108819954015	-2.47847804222282	2.48050420361702	36.4108819954015
Cigana	-7.97649373018632	1.18088551688968	-1.17699819960361	-7.97649373018632
Fecula Branca	-33.9204453407258	3.48206880346727	-3.47715284076862	-33.9204453407258
Guela Jacu	14.4019016928604	-2.03757731090933	2.03650440467197	14.4019016928604
Olho Junto	-5.21204716939684	0.394592215287114	-0.399137042724461	-5.21204716939684
